j 12
sw 11101, 11111, 1
addi 00000, 00000, 1
addi 11110, 11110, 1
addi 11110, 11110, 1
lw 11101, 00000, 3
sw 11101, 2(00000)
lw 11101, 00000, 2
addi 00000, 11100, 0
j 10
lw 11101, 11111, 1
jr 11111
addi 00000, 00000, 1
addi 00000, 11101, 0
addi 11011, 00000, 3
sw 11110, 00000, 0
addi 11110, 11110, 1
sw 00000, 0(11101), 0
addi 00000, 11101, 0
addi 00000, 11110, 1
sw 11101, 00000, 3
jal 1
addi 11101, 11110, 0
lw 11101, 11101, 0
subi 11110, 11110, 1
lw 11110, 00000, 0
addi 11100, 00000, 0
addi 11011, 00000, 0
addi 00000, 11100, 0
j 30
11111100000000000000000000000000
